pybullet build time: Jan 29 2025 23:16:28
MAPPO with Communication — 4 Drone Formation
==================================================
[INFO] BaseAviary.__init__() loaded parameters from the drone's .urdf:
[INFO] m 0.027000, L 0.039700,
[INFO] ixx 0.000014, iyy 0.000014, izz 0.000022,
[INFO] kf 3.160000e-10, km 7.940000e-12,
[INFO] t2w 2.250000, max_speed_kmh 30.000000,
[INFO] gnd_eff_coeff 11.368590, prop_radius 0.023135,
[INFO] drag_xy_coeff 0.000001, drag_z_coeff 0.000001,
[INFO] dw_coeff_1 2267.180000, dw_coeff_2 0.160000, dw_coeff_3 -0.110000
/home/advitha/swarm-rl/lib/python3.10/site-packages/gymnasium/spaces/box.py:236: UserWarning: [33mWARN: Box low's precision lowered by casting to float32, current low.dtype=float64[0m
  gym.logger.warn(
/home/advitha/swarm-rl/lib/python3.10/site-packages/gymnasium/spaces/box.py:306: UserWarning: [33mWARN: Box high's precision lowered by casting to float32, current high.dtype=float64[0m
  gym.logger.warn(
Starting Stage 0: Stable Hover
  → Learn to hover without crashing
Policy parameters:  18264
Critic parameters:  63361
Policy input dim:   123
Critic input dim:   364

  Update       Reward   MeanDist  Stage   Episodes
-------------------------------------------------------
  ✓ Success 1/2 (dist=0.014 < 0.06)
       1      212.245      0.014      0        177
  ✓ Success 2/2 (dist=0.014 < 0.06)

==================================================
ADVANCING TO STAGE 1: Tiny Move
  → Move 5cm to target
  → Target distance: 5cm
==================================================

       2      213.231      0.014      0        175
  ✓ Success 1/2 (dist=0.054 < 0.075)
       3      206.323      0.054      1        176
  ✓ Success 2/2 (dist=0.054 < 0.075)

==================================================
ADVANCING TO STAGE 2: Small Move
  → Move 15cm to target
  → Target distance: 15cm
==================================================

       4      207.854      0.054      1        175
  ✓ Success 1/2 (dist=0.152 < 0.18)
       5      218.567      0.152      2        168
  ✓ Success 2/2 (dist=0.152 < 0.18)

==================================================
ADVANCING TO STAGE 3: Full Formation
  → Reach full formation targets
  → Target distance: 30cm
==================================================

       6      213.248      0.152      2        173
       7      -11.033      0.301      3        170
       8      -11.362      0.301      3        170
       9      -12.476      0.301      3        167
      10      -10.651      0.301      3        174
      11      -11.527      0.301      3        173
      12      -10.722      0.302      3        171
      13      -11.793      0.301      3        167
      14      -10.825      0.301      3        168
      15      -11.310      0.301      3        169
      16      -11.259      0.301      3        172
      17      -11.011      0.301      3        173
      18      -11.418      0.301      3        168
      19      -11.772      0.301      3        174
      20      -11.974      0.301      3        170
      21      -11.014      0.301      3        173
      22       -9.609      0.301      3        174
      23      -11.305      0.301      3        171
      24      -10.964      0.301      3        171
      25      -12.122      0.301      3        173
      26      -11.589      0.301      3        166
      27      -11.761      0.301      3        172
      28      -10.164      0.301      3        170
      29      -11.124      0.301      3        170
      30      -12.193      0.301      3        171
      31      -10.063      0.301      3        172
      32      -11.734      0.302      3        170
      33      -12.073      0.302      3        169
      34      -11.222      0.301      3        171
      35      -11.343      0.301      3        170
      36      -11.305      0.301      3        168
      37      -11.115      0.302      3        174
      38      -12.247      0.301      3        177
      39      -11.530      0.301      3        170
      40      -11.223      0.301      3        171
      41      -11.720      0.301      3        170
      42      -11.917      0.301      3        171
      43      -11.021      0.301      3        172
      44      -11.334      0.301      3        166
      45       -9.838      0.301      3        170
      46      -11.811      0.301      3        174
      47       -9.976      0.301      3        173
      48      -11.145      0.301      3        175
      49      -11.688      0.301      3        168
      50      -11.500      0.301      3        172
      51      -11.300      0.301      3        180
      52      -10.963      0.301      3        175
      53      -10.904      0.301      3        179
      54      -10.970      0.301      3        172
      55      -11.166      0.302      3        173
      56      -13.531      0.301      3        167
      57      -12.326      0.302      3        168
      58      -12.128      0.301      3        170
      59      -11.477      0.301      3        174
      60      -11.860      0.301      3        173
      61      -12.346      0.301      3        172
      62      -11.558      0.301      3        170
      63      -10.992      0.302      3        174
      64      -11.996      0.301      3        174
      65      -11.842      0.301      3        172
      66      -11.641      0.301      3        180
      67      -11.652      0.301      3        175
      68      -11.152      0.301      3        178
      69      -10.872      0.301      3        173
      70      -11.639      0.301      3        176
      71      -10.589      0.301      3        174
      72      -11.545      0.301      3        177
      73      -10.541      0.301      3        180
      74      -10.776      0.301      3        176
      75      -10.179      0.301      3        174
      76      -10.386      0.301      3        174
      77      -12.089      0.301      3        171
      78      -11.775      0.301      3        173
      79      -10.855      0.301      3        179
      80      -10.575      0.302      3        178
      81      -10.264      0.301      3        179
      82      -10.181      0.300      3        176
      83      -12.049      0.301      3        175
      84       -9.992      0.301      3        176
      85      -10.680      0.301      3        176
      86      -10.843      0.301      3        179
      87      -11.077      0.301      3        176
      88      -11.032      0.301      3        172
      89      -11.355      0.301      3        176
      90      -10.434      0.301      3        180
      91      -10.860      0.301      3        178
      92      -11.018      0.301      3        178
      93      -10.490      0.301      3        181
      94      -10.572      0.301      3        178
      95      -10.361      0.301      3        180
      96      -10.979      0.301      3        178
      97      -10.050      0.300      3        178
      98       -9.119      0.301      3        180
      99      -10.172      0.301      3        186
     100      -11.282      0.301      3        182
     101      -11.295      0.301      3        179
     102      -11.071      0.301      3        178
     103      -10.687      0.301      3        180
     104      -10.213      0.301      3        184
     105      -11.124      0.300      3        180
     106      -10.658      0.301      3        179
     107      -10.114      0.301      3        183
     108       -9.714      0.301      3        179
     109      -10.986      0.301      3        179
     110      -10.981      0.301      3        183
     111      -10.165      0.301      3        188
     112      -10.026      0.301      3        185
     113      -10.799      0.301      3        181
     114      -10.796      0.301      3        185
     115      -10.106      0.301      3        190
     116      -10.034      0.301      3        192
     117       -9.434      0.301      3        193
     118       -8.533      0.301      3        196
     119      -10.012      0.300      3        192
     120       -9.071      0.301      3        194
     121       -9.083      0.300      3        200
     122       -8.905      0.301      3        198
     123       -9.385      0.300      3        199
     124       -9.583      0.301      3        197
     125       -8.438      0.300      3        209
     126       -8.127      0.301      3        210
     127       -8.080      0.301      3        211
     128       -7.496      0.300      3        219
     129       -6.582      0.300      3        230
     130       -6.393      0.300      3        234
     131       -6.236      0.300      3        236
     132       -5.714      0.300      3        247
     133       -5.285      0.300      3        259
     134       -4.756      0.300      3        272
     135       -4.466      0.300      3        283
     136       -4.186      0.300      3        297
     137       -3.981      0.300      3        312
     138       -3.995      0.300      3        310
     139       -4.224      0.300      3        295
     140       -4.319      0.300      3        289
     141       -4.508      0.300      3        282
     142       -4.590      0.300      3        280
     143       -4.602      0.300      3        278
     144       -4.538      0.300      3        279
     145       -4.571      0.300      3        279
     146       -4.564      0.300      3        278
     147       -4.522      0.300      3        282
     148       -4.567      0.300      3        281
     149       -4.282      0.300      3        293
     150       -4.283      0.300      3        293
     151       -4.147      0.300      3        301
     152       -4.184      0.300      3        301
     153       -4.090      0.300      3        304
     154       -4.228      0.300      3        295
     155       -4.257      0.300      3        293
     156       -4.281      0.300      3        295
     157       -4.222      0.300      3        296
     158       -4.240      0.300      3        297
     159       -4.124      0.300      3        302
     160       -4.100      0.300      3        304
     161       -4.029      0.300      3        307
     162       -4.006      0.300      3        308
     163       -4.076      0.300      3        303
     164       -4.152      0.300      3        299
     165       -3.956      0.300      3        312
     166       -3.911      0.300      3        318
     167       -3.826      0.300      3        322
     168       -3.787      0.300      3        327
     169       -3.918      0.300      3        314
     170       -4.022      0.300      3        310
     171       -3.946      0.300      3        312
     172       -3.970      0.300      3        311
     173       -4.020      0.300      3        308
     174       -4.033      0.300      3        307
     175       -4.116      0.300      3        299
     176       -4.056      0.300      3        306
     177       -3.923      0.300      3        315
     178       -3.770      0.300      3        327
     179       -3.771      0.300      3        327
     180       -3.726      0.300      3        330
     181       -3.817      0.300      3        322
     182       -3.900      0.300      3        317
     183       -4.017      0.300      3        309
     184       -3.936      0.300      3        314
     185       -4.052      0.300      3        307
     186       -4.063      0.300      3        304
     187       -4.071      0.300      3        303
     188       -3.991      0.300      3        310
     189       -3.956      0.300      3        314
     190       -3.940      0.300      3        313
     191       -3.963      0.300      3        312
     192       -4.073      0.300      3        304
     193       -4.099      0.300      3        302
     194       -4.276      0.300      3        293
     195       -4.292      0.300      3        291
     196       -4.530      0.300      3        282
     197       -4.664      0.300      3        276
     198       -4.468      0.300      3        284
     199       -4.453      0.300      3        285
     200       -4.192      0.300      3        298
     201       -3.982      0.300      3        310
     202       -3.810      0.300      3        325
     203       -3.875      0.300      3        319
     204       -3.895      0.300      3        317
     205       -3.966      0.300      3        312
     206       -4.106      0.300      3        303
     207       -4.176      0.300      3        299
     208       -4.117      0.300      3        302
     209       -3.956      0.300      3        313
     210       -3.967      0.300      3        313
     211       -3.731      0.300      3        332
     212       -3.713      0.300      3        333
     213       -3.678      0.300      3        335
     214       -3.791      0.300      3        325
     215       -3.892      0.300      3        317
     216       -3.860      0.300      3        320
     217       -3.841      0.300      3        321
     218       -3.981      0.300      3        311
     219       -3.870      0.300      3        319
     220       -3.785      0.300      3        326
