pybullet build time: Jan 29 2025 23:16:28
MAPPO with Communication — 4 Drone Formation
==================================================
[INFO] BaseAviary.__init__() loaded parameters from the drone's .urdf:
[INFO] m 0.027000, L 0.039700,
[INFO] ixx 0.000014, iyy 0.000014, izz 0.000022,
[INFO] kf 3.160000e-10, km 7.940000e-12,
[INFO] t2w 2.250000, max_speed_kmh 30.000000,
[INFO] gnd_eff_coeff 11.368590, prop_radius 0.023135,
[INFO] drag_xy_coeff 0.000001, drag_z_coeff 0.000001,
[INFO] dw_coeff_1 2267.180000, dw_coeff_2 0.160000, dw_coeff_3 -0.110000
/home/advitha/swarm-rl/lib/python3.10/site-packages/gymnasium/spaces/box.py:236: UserWarning: [33mWARN: Box low's precision lowered by casting to float32, current low.dtype=float64[0m
  gym.logger.warn(
/home/advitha/swarm-rl/lib/python3.10/site-packages/gymnasium/spaces/box.py:306: UserWarning: [33mWARN: Box high's precision lowered by casting to float32, current high.dtype=float64[0m
  gym.logger.warn(
Starting Stage 0: Stable Hover
  → Learn to hover without crashing
Policy parameters:  18264
Critic parameters:  63361
Policy input dim:   123
Critic input dim:   364

  Update       Reward   MeanDist  Stage   Episodes
-------------------------------------------------------
  ✓ Success 1/2 (dist=0.016 < 0.06)
       1      560.294      0.016      0        166
  ✓ Success 2/2 (dist=0.015 < 0.06)

==================================================
ADVANCING TO STAGE 1: Tiny Move
  → Move 5cm to target
  → Target distance: 5cm
==================================================

       2      549.734      0.015      0        172
  ✓ Success 1/2 (dist=0.055 < 0.075)
       3      525.640      0.055      1        173
  ✓ Success 2/2 (dist=0.054 < 0.075)

==================================================
ADVANCING TO STAGE 2: Small Move
  → Move 15cm to target
  → Target distance: 15cm
==================================================

       4      531.309      0.054      1        172
  ✓ Success 1/2 (dist=0.152 < 0.18)
       5      555.329      0.152      2        170
  ✓ Success 2/2 (dist=0.153 < 0.18)

==================================================
ADVANCING TO STAGE 3: Full Formation
  → Reach full formation targets
  → Target distance: 30cm
==================================================

       6      567.780      0.153      2        163
       7      -11.301      0.301      3        171
       8      -10.200      0.301      3        172
       9       -9.233      0.301      3        174
      10      -10.868      0.302      3        169
      11      -12.145      0.301      3        175
      12      -10.562      0.301      3        170
      13       -8.457      0.301      3        169
      14      -11.514      0.301      3        170
      15      -11.275      0.301      3        173
      16       -7.215      0.300      3        169
      17       -9.384      0.300      3        170
      18      -12.119      0.301      3        172
      19       -8.314      0.301      3        167
      20      -11.434      0.301      3        172
      21       -8.348      0.301      3        172
      22       -8.058      0.300      3        171
      23      -10.304      0.302      3        174
      24      -10.319      0.302      3        174
      25      -10.523      0.301      3        173
      26      -10.780      0.301      3        172
      27      -11.225      0.302      3        164
      28      -11.077      0.301      3        171
      29       -8.912      0.301      3        174
      30       -9.134      0.301      3        170
      31      -11.985      0.302      3        170
      32       -5.665      0.301      3        172
      33      -12.053      0.300      3        177
      34       -7.809      0.301      3        164
      35       -8.721      0.302      3        172
      36      -11.013      0.301      3        171
      37      -10.733      0.302      3        164
      38      -10.111      0.301      3        172
      39      -10.903      0.302      3        172
      40       -9.811      0.302      3        167
      41      -10.843      0.302      3        172
      42      -10.092      0.301      3        167
      43      -10.324      0.301      3        173
      44      -12.516      0.302      3        166
      45       -9.980      0.303      3        168
      46      -11.073      0.302      3        168
      47      -11.429      0.301      3        171
      48       -9.897      0.301      3        168
      49       -7.777      0.301      3        170
      50      -10.258      0.302      3        166
      51       -9.468      0.301      3        170
      52      -10.761      0.301      3        177
      53      -11.382      0.301      3        174
      54      -10.129      0.301      3        172
      55       -9.417      0.301      3        172
      56       -8.893      0.301      3        170
      57      -10.878      0.301      3        171
      58       -9.538      0.301      3        169
      59      -11.025      0.300      3        173
      60      -11.488      0.302      3        172
      61       -8.674      0.301      3        172
      62      -11.702      0.301      3        173
      63      -10.667      0.301      3        168
      64       -7.521      0.300      3        168
      65      -12.159      0.302      3        168
      66       -9.856      0.302      3        167
      67      -11.406      0.301      3        168
      68      -11.461      0.301      3        172
      69       -9.311      0.301      3        168
      70      -10.587      0.302      3        174
      71      -10.428      0.301      3        163
      72      -11.704      0.302      3        169
      73      -10.201      0.301      3        166
      74      -10.905      0.301      3        170
      75      -11.273      0.301      3        171
      76       -9.951      0.301      3        171
      77       -8.837      0.301      3        164
      78       -9.479      0.301      3        172
      79       -9.515      0.301      3        171
      80      -10.737      0.302      3        168
      81      -10.512      0.301      3        170
      82      -10.794      0.301      3        169
      83      -11.224      0.302      3        168
      84      -10.743      0.301      3        168
      85       -8.456      0.302      3        167
      86      -11.627      0.302      3        171
      87      -11.492      0.301      3        171
      88      -10.020      0.300      3        171
      89       -7.880      0.301      3        168
      90      -10.489      0.301      3        168
      91      -10.612      0.302      3        169
      92       -9.330      0.300      3        170
      93      -11.033      0.301      3        173
      94       -7.904      0.301      3        162
      95       -9.922      0.302      3        164
      96      -10.835      0.301      3        174
      97       -9.866      0.301      3        166
      98       -9.536      0.302      3        163
      99       -9.562      0.301      3        169
     100      -10.699      0.301      3        169
     101       -9.213      0.301      3        168
     102      -10.524      0.301      3        168
     103       -9.132      0.301      3        172
     104       -9.812      0.302      3        166
     105      -11.977      0.301      3        170
     106       -8.185      0.300      3        167
     107      -10.445      0.301      3        162
     108      -10.051      0.302      3        166
     109      -12.005      0.302      3        170
     110      -10.678      0.302      3        161
     111      -10.389      0.301      3        166
     112       -7.868      0.301      3        166
     113      -10.711      0.301      3        167
     114      -10.945      0.301      3        168
     115       -9.433      0.301      3        167
     116      -11.006      0.301      3        167
     117      -10.779      0.301      3        165
     118       -8.357      0.301      3        168
     119      -10.586      0.301      3        168
     120       -9.166      0.302      3        170
     121       -8.852      0.301      3        174
     122       -9.682      0.302      3        165
     123       -9.499      0.301      3        168
     124       -7.713      0.300      3        165
     125       -8.141      0.301      3        165
     126      -11.261      0.301      3        168
     127      -11.372      0.301      3        168
     128      -12.636      0.302      3        164
     129       -9.316      0.301      3        168
     130       -8.645      0.302      3        165
     131      -10.287      0.302      3        173
     132       -6.234      0.301      3        165
     133      -11.544      0.301      3        166
     134       -8.208      0.301      3        165
     135      -11.587      0.302      3        168
     136      -10.774      0.301      3        168
     137       -7.681      0.301      3        164
     138       -9.301      0.302      3        163
     139       -6.621      0.300      3        167
     140       -9.702      0.301      3        169
     141      -10.579      0.301      3        166
     142      -10.318      0.301      3        164
     143      -11.148      0.301      3        169
     144      -10.012      0.302      3        167
     145       -9.608      0.301      3        165
     146       -9.221      0.301      3        168
     147       -8.447      0.301      3        167
     148       -8.983      0.301      3        165
     149      -11.010      0.301      3        170
     150       -6.905      0.301      3        165
     151      -10.576      0.301      3        164
     152       -6.394      0.301      3        158
     153      -12.631      0.302      3        164
     154       -9.150      0.302      3        163
     155      -10.089      0.301      3        170
     156       -7.866      0.302      3        164
     157       -9.954      0.302      3        168
     158      -10.026      0.301      3        165
     159       -7.281      0.302      3        163
     160      -11.448      0.302      3        169
     161       -7.661      0.301      3        164
     162      -10.223      0.300      3        169
     163       -9.823      0.302      3        165
     164       -9.361      0.301      3        170
     165       -7.710      0.301      3        164
     166       -9.213      0.301      3        165
     167       -9.745      0.301      3        162
     168       -8.884      0.301      3        166
     169      -11.127      0.302      3        157
     170       -8.927      0.301      3        164
     171       -9.572      0.301      3        166
     172       -9.102      0.301      3        166
     173      -10.180      0.302      3        169
     174       -9.504      0.302      3        158
     175       -9.182      0.301      3        161
     176       -9.746      0.301      3        169
     177       -7.633      0.301      3        161
     178       -8.158      0.301      3        169
     179       -9.271      0.301      3        160
     180       -7.822      0.301      3        163
     181       -9.845      0.301      3        163
     182       -9.485      0.301      3        162
     183      -10.834      0.301      3        167
     184      -12.075      0.302      3        163
     185       -9.471      0.301      3        168
     186      -10.527      0.301      3        168
     187      -10.152      0.302      3        162
     188      -10.896      0.302      3        165
     189      -10.908      0.302      3        162
     190      -10.893      0.302      3        163
     191       -9.223      0.302      3        163
     192       -9.166      0.301      3        163
     193       -8.875      0.301      3        160
     194       -9.580      0.302      3        162
     195       -8.484      0.301      3        163
     196       -9.962      0.301      3        163
     197       -8.186      0.302      3        164
     198      -11.102      0.301      3        168
     199      -10.796      0.302      3        161
     200       -7.875      0.302      3        163
     201      -11.021      0.302      3        163
     202       -8.347      0.301      3        164
     203      -10.719      0.302      3        163
     204       -9.908      0.302      3        158
     205       -7.446      0.302      3        160
     206      -10.110      0.302      3        162
     207       -9.356      0.302      3        165
     208      -10.892      0.301      3        162
     209       -7.519      0.301      3        161
     210      -11.299      0.301      3        168
     211      -10.562      0.301      3        168
     212      -10.596      0.301      3        165
     213       -8.853      0.302      3        163
     214       -9.840      0.301      3        161
     215      -12.077      0.302      3        165
     216      -12.792      0.301      3        167
     217       -8.308      0.301      3        163
     218       -8.354      0.301      3        161
     219       -9.929      0.302      3        159
     220       -5.660      0.301      3        164
     221      -10.184      0.302      3        162
     222      -10.681      0.302      3        162
     223      -10.155      0.301      3        164
     224       -6.035      0.301      3        159
     225      -10.448      0.301      3        160
     226      -10.030      0.302      3        161
     227       -9.079      0.301      3        155
     228      -10.665      0.302      3        157
     229       -8.981      0.302      3        161
     230      -10.414      0.301      3        163
     231       -9.072      0.301      3        163
     232       -6.720      0.301      3        161
     233      -10.213      0.301      3        164
     234      -10.070      0.302      3        164
     235       -9.930      0.301      3        162
     236       -6.694      0.302      3        160
     237      -10.062      0.302      3        167
     238      -11.389      0.301      3        165
     239      -12.341      0.302      3        159
     240      -10.214      0.302      3        163
     241       -6.274      0.301      3        157
     242       -9.803      0.302      3        157
     243       -7.256      0.301      3        160
     244      -10.089      0.302      3        163
     245       -8.766      0.302      3        161
     246      -10.670      0.301      3        162
     247      -10.711      0.301      3        160
     248      -10.553      0.301      3        162
     249       -7.893      0.302      3        161
