pybullet build time: Jan 29 2025 23:16:28
MAPPO with Curriculum Learning — 4 Drone Formation
=======================================================
[INFO] BaseAviary.__init__() loaded parameters from the drone's .urdf:
[INFO] m 0.027000, L 0.039700,
[INFO] ixx 0.000014, iyy 0.000014, izz 0.000022,
[INFO] kf 3.160000e-10, km 7.940000e-12,
[INFO] t2w 2.250000, max_speed_kmh 30.000000,
[INFO] gnd_eff_coeff 11.368590, prop_radius 0.023135,
[INFO] drag_xy_coeff 0.000001, drag_z_coeff 0.000001,
[INFO] dw_coeff_1 2267.180000, dw_coeff_2 0.160000, dw_coeff_3 -0.110000
/home/advitha/swarm-rl/lib/python3.10/site-packages/gymnasium/spaces/box.py:236: UserWarning: [33mWARN: Box low's precision lowered by casting to float32, current low.dtype=float64[0m
  gym.logger.warn(
/home/advitha/swarm-rl/lib/python3.10/site-packages/gymnasium/spaces/box.py:306: UserWarning: [33mWARN: Box high's precision lowered by casting to float32, current high.dtype=float64[0m
  gym.logger.warn(
Starting Stage 0: Stable Hover
  → Learn to hover without crashing

  Update       Reward   MeanDist  Stage   Episodes    Steps
------------------------------------------------------------
  ✓ Success 1/2 (dist=0.056 < 0.06)
       1      799.230      0.056      0         87     2053
  ✓ Success 2/2 (dist=0.042 < 0.06)

==================================================
ADVANCING TO STAGE 1: Tiny Move
  → Move 5cm to target
  → Target distance: 5cm
==================================================

       2      789.604      0.042      0         96     2065
       3      773.952      0.078      1         93     2062
       4      795.019      0.083      1         89     2057
  ✓ Success 1/2 (dist=0.074 < 0.075)
       5      786.571      0.074      1         95     2067
  ✓ Success 2/2 (dist=0.073 < 0.075)

==================================================
ADVANCING TO STAGE 2: Small Move
  → Move 15cm to target
  → Target distance: 15cm
==================================================

       6      774.018      0.073      1         96     2061
  ✓ Success 1/2 (dist=0.174 < 0.18)
       7      875.074      0.174      2         90     2066
  ✓ Success 2/2 (dist=0.170 < 0.18)

==================================================
ADVANCING TO STAGE 3: Full Formation
  → Reach full formation targets
  → Target distance: 30cm
==================================================

       8      873.829      0.170      2         90     2059
       9       17.303      0.309      3         95     2054
      10       20.580      0.308      3         92     2051
      11       24.932      0.308      3         92     2053
      12        5.629      0.311      3         94     2062
      13       30.434      0.309      3         90     2068
      14       22.940      0.309      3         92     2052
      15        7.049      0.315      3         89     2053
      16       20.286      0.310      3         92     2065
      17       15.653      0.311      3         94     2051
      18       24.909      0.309      3         92     2051
      19       10.235      0.308      3         95     2053
      20       24.370      0.320      3         88     2057
      21       22.627      0.311      3         91     2061
      22       19.098      0.309      3         92     2062
      23       19.743      0.312      3         92     2061
      24       15.487      0.313      3         88     2057
      25        9.482      0.311      3         91     2059
      26       26.846      0.313      3         89     2061
      27       19.199      0.312      3         92     2068
      28       10.572      0.310      3         94     2053
      29       24.438      0.308      3         92     2064
      30       35.956      0.313      3         88     2053
      31       23.389      0.315      3         91     2063
      32       25.826      0.318      3         86     2053
      33       27.424      0.306      3         95     2068
      34       26.314      0.316      3         88     2075
      35       12.011      0.312      3         92     2062
      36       12.337      0.308      3         94     2054
      37       11.614      0.317      3         88     2057
      38       24.506      0.312      3         91     2062
      39       31.871      0.307      3         92     2053
      40       17.472      0.307      3         95     2055
      41       18.815      0.309      3         92     2050
      42       18.690      0.313      3         93     2071
      43       27.407      0.307      3         93     2053
      44       15.924      0.306      3         97     2053
      45       29.574      0.313      3         86     2051
      46       27.069      0.313      3         91     2052
      47       18.471      0.316      3         88     2062
      48       12.884      0.310      3         92     2055
      49       21.843      0.312      3         89     2054
      50       34.767      0.306      3         92     2054
      51       15.102      0.310      3         93     2063
      52       19.328      0.318      3         88     2063
      53       21.792      0.313      3         87     2051
      54       19.885      0.308      3         93     2056
      55       22.148      0.312      3         86     2065
      56       29.643      0.309      3         90     2061
      57       37.602      0.312      3         86     2050
      58       31.875      0.317      3         85     2071
      59       30.359      0.316      3         84     2060
      60       21.910      0.315      3         89     2054
      61       21.201      0.318      3         89     2063
      62       36.705      0.324      3         83     2065
      63       42.091      0.314      3         86     2052
      64       10.508      0.318      3         87     2050
      65       38.077      0.309      3         87     2065
      66       23.932      0.310      3         90     2060
      67       32.675      0.311      3         87     2050
      68       40.676      0.314      3         86     2049
      69       18.077      0.322      3         83     2052
      70       18.869      0.321      3         84     2055
      71       42.467      0.310      3         87     2052
      72       36.570      0.310      3         89     2071
      73       35.370      0.316      3         85     2065
      74       38.831      0.311      3         88     2063
      75       28.011      0.313      3         87     2059
      76       30.806      0.311      3         88     2063
      77       54.061      0.308      3         87     2057
      78       15.665      0.311      3         89     2053
      79       24.835      0.308      3         91     2063
      80       46.121      0.308      3         87     2054
      81       28.409      0.315      3         87     2066
      82       39.863      0.309      3         88     2072
      83       31.589      0.316      3         84     2049
      84       19.802      0.315      3         86     2074
      85       31.074      0.318      3         84     2053
      86       39.042      0.308      3         86     2054
      87       30.525      0.313      3         87     2053
      88       41.518      0.313      3         85     2055
      89        9.980      0.328      3         83     2052
      90       60.006      0.318      3         82     2093
      91       27.408      0.312      3         85     2063
      92       56.993      0.313      3         81     2057
      93       41.133      0.324      3         81     2052
      94       39.242      0.313      3         86     2068
      95       54.498      0.325      3         81     2088
      96       41.417      0.317      3         84     2068
      97       45.928      0.313      3         83     2050
      98       33.873      0.317      3         83     2066
      99       61.289      0.308      3         84     2060
     100       37.033      0.315      3         84     2080
     101       31.426      0.318      3         84     2085
     102       46.162      0.313      3         82     2069
     103       66.061      0.317      3         79     2070
     104       63.369      0.311      3         79     2055
     105       36.341      0.329      3         77     2066
     106       43.803      0.318      3         83     2094
     107       48.649      0.327      3         76     2060
     108       75.655      0.312      3         79     2051
     109       62.698      0.315      3         80     2076
     110       73.255      0.318      3         78     2055
     111       73.632      0.307      3         81     2057
     112       66.038      0.329      3         74     2048
     113       67.374      0.318      3         75     2060
     114       70.418      0.328      3         74     2055
     115       44.793      0.320      3         77     2066
     116       42.932      0.316      3         79     2055
     117       76.412      0.316      3         76     2069
     118       60.891      0.336      3         72     2051
     119       56.664      0.338      3         72     2066
     120       59.930      0.331      3         73     2055
     121       91.182      0.346      3         67     2053
     122       67.831      0.333      3         74     2060
     123       99.174      0.313      3         76     2060
     124       84.167      0.331      3         71     2061
     125       98.107      0.322      3         74     2059
     126       66.833      0.337      3         73     2077
     127       83.489      0.314      3         78     2074
     128       85.962      0.318      3         75     2060
     129       95.038      0.335      3         70     2086
     130      100.689      0.351      3         65     2052
     131      104.591      0.339      3         67     2066
     132      109.102      0.330      3         70     2067
     133      114.324      0.341      3         66     2080
     134      113.823      0.346      3         65     2051
     135      130.158      0.354      3         65     2095
     136       95.766      0.327      3         68     2056
     137      120.855      0.330      3         67     2052
     138      144.027      0.338      3         64     2057
     139      133.416      0.346      3         63     2054
     140      129.332      0.338      3         66     2049
     141      132.887      0.345      3         63     2065
     142      142.904      0.350      3         63     2070
     143      135.674      0.341      3         63     2087
     144      123.306      0.354      3         63     2070
     145      119.239      0.361      3         58     2071
     146      151.268      0.333      3         63     2055
     147      149.753      0.341      3         63     2086
     148      174.922      0.347      3         60     2082
     149      201.557      0.331      3         59     2054
     150      208.296      0.340      3         59     2058
     151      186.603      0.345      3         59     2056
     152      146.911      0.347      3         60     2069
     153      185.016      0.343      3         58     2073
     154      235.135      0.339      3         60     2078
     155      182.360      0.344      3         60     2094
     156      237.061      0.365      3         52     2051
     157      200.537      0.355      3         57     2078
     158      204.413      0.360      3         55     2094
     159      252.933      0.347      3         55     2088
     160      198.380      0.356      3         57     2061
     161      253.191      0.343      3         56     2086
     162      230.986      0.355      3         54     2058
     163      246.637      0.353      3         53     2071
     164      239.505      0.364      3         52     2052
     165      235.461      0.382      3         51     2077
     166      258.916      0.387      3         47     2049
     167      310.053      0.344      3         54     2056
     168      289.113      0.377      3         49     2075
     169      261.566      0.389      3         49     2068
     170      295.005      0.385      3         47     2065
     171      370.364      0.380      3         46     2078
     172      279.104      0.388      3         47     2051
     173      321.484      0.385      3         48     2080
     174      358.693      0.395      3         44     2074
     175      326.920      0.384      3         47     2079
     176      374.531      0.396      3         44     2050
     177      344.307      0.363      3         48     2076
     178      371.777      0.376      3         47     2088
     179      319.444      0.363      3         47     2054
     180      365.975      0.371      3         45     2048
     181      370.257      0.400      3         44     2087
     182      366.696      0.359      3         48     2068
     183      395.101      0.383      3         45     2083
     184      397.509      0.371      3         45     2071
     185      489.058      0.373      3         44     2072
     186      446.369      0.353      3         45     2094
     187      531.564      0.368      3         43     2058
     188      443.957      0.373      3         44     2066
     189      481.152      0.346      3         48     2081
     190      540.158      0.363      3         43     2065
     191      521.870      0.339      3         45     2068
     192      589.523      0.331      3         45     2058
     193      579.780      0.330      3         45     2056
     194      580.452      0.343      3         45     2087
     195      525.674      0.345      3         44     2051
     196      508.963      0.336      3         45     2054
     197      573.244      0.339      3         44     2094
     198      627.688      0.319      3         45     2073
     199      544.075      0.323      3         46     2073
     200      558.822      0.313      3         46     2067
     201      610.424      0.317      3         44     2055
     202      667.852      0.303      3         46     2054
     203      624.761      0.319      3         44     2081
     204      655.660      0.311      3         45     2086
     205      675.109      0.320      3         44     2091
     206      664.136      0.312      3         45     2061
     207      642.706      0.308      3         44     2054
     208      689.308      0.312      3         43     2067
     209      696.493      0.304      3         45     2083
     210      773.299      0.299      3         43     2058
     211      675.861      0.307      3         43     2079
     212      716.692      0.305      3         43     2069
     213      679.524      0.315      3         43     2089
     214      692.595      0.302      3         44     2057
     215      735.815      0.302      3         42     2061
     216      709.974      0.297      3         43     2055
     217      733.745      0.294      3         43     2081
     218      733.873      0.298      3         43     2064
     219      802.293      0.296      3         42     2090
     220      775.030      0.296      3         42     2086
     221      765.136      0.284      3         44     2068
     222      758.182      0.292      3         43     2055
     223      792.495      0.288      3         42     2054
     224      788.736      0.295      3         40     2052
     225      837.280      0.289      3         41     2050
     226      843.391      0.284      3         42     2068
     227      888.044      0.289      3         40     2079
     228      922.437      0.274      3         41     2054
     229      891.186      0.284      3         41     2095
     230      924.285      0.273      3         40     2056
     231      871.987      0.279      3         41     2068
     232      895.630      0.288      3         39     2098
     233      936.691      0.287      3         37     2054
     234     1022.980      0.279      3         37     2061
     235      938.280      0.273      3         40     2081
     236      970.876      0.276      3         38     2057
     237      992.514      0.270      3         40     2097
     238     1041.555      0.278      3         35     2053
     239     1019.175      0.273      3         38     2051
     240      990.014      0.272      3         39     2080
     241     1119.664      0.274      3         35     2060
     242     1085.580      0.260      3         38     2080
     243     1117.665      0.279      3         34     2085
     244     1099.615      0.278      3         34     2067
