pybullet build time: Jan 29 2025 23:16:28
MAPPO with Curriculum Learning — 4 Drone Formation
=======================================================
[INFO] BaseAviary.__init__() loaded parameters from the drone's .urdf:
[INFO] m 0.027000, L 0.039700,
[INFO] ixx 0.000014, iyy 0.000014, izz 0.000022,
[INFO] kf 3.160000e-10, km 7.940000e-12,
[INFO] t2w 2.250000, max_speed_kmh 30.000000,
[INFO] gnd_eff_coeff 11.368590, prop_radius 0.023135,
[INFO] drag_xy_coeff 0.000001, drag_z_coeff 0.000001,
[INFO] dw_coeff_1 2267.180000, dw_coeff_2 0.160000, dw_coeff_3 -0.110000
/home/advitha/swarm-rl/lib/python3.10/site-packages/gymnasium/spaces/box.py:236: UserWarning: [33mWARN: Box low's precision lowered by casting to float32, current low.dtype=float64[0m
  gym.logger.warn(
/home/advitha/swarm-rl/lib/python3.10/site-packages/gymnasium/spaces/box.py:306: UserWarning: [33mWARN: Box high's precision lowered by casting to float32, current high.dtype=float64[0m
  gym.logger.warn(
Starting Stage 0: Stable Hover
  → Learn to hover without crashing

  Update       Reward   MeanDist  Stage   Episodes    Steps
------------------------------------------------------------
  ✓ Success 1/2 (dist=0.044 < 0.06)
       1      310.523      0.044      0         92     2065
  ✓ Success 2/2 (dist=0.044 < 0.06)

==================================================
ADVANCING TO STAGE 1: Tiny Move
  → Move 5cm to target
  → Target distance: 5cm
==================================================

       2      308.553      0.044      0         93     2052
       3      289.125      0.076      1         95     2054
       4      299.104      0.082      1         90     2068
       5      293.482      0.094      1         85     2053
       6      296.353      0.080      1         90     2061
       7      300.423      0.080      1         92     2060
       8      298.594      0.087      1         89     2068
       9      299.448      0.081      1         91     2064
      10      297.014      0.084      1         89     2066
  ✓ Success 1/2 (dist=0.074 < 0.075)
      11      300.125      0.074      1         94     2065
      12      303.932      0.078      1         90     2054
      13      290.983      0.079      1         93     2058
      14      298.794      0.077      1         93     2071
      15      292.036      0.087      1         89     2068
      16      300.970      0.076      1         93     2079
      17      299.101      0.081      1         91     2062
      18      300.242      0.084      1         90     2065
      19      294.619      0.082      1         91     2061
      20      299.839      0.077      1         94     2062
  ✓ Success 1/2 (dist=0.074 < 0.075)
      21      292.225      0.074      1         96     2054
      22      298.102      0.080      1         92     2060
      23      295.494      0.075      1         94     2063
      24      305.797      0.078      1         90     2066
  ✓ Success 1/2 (dist=0.074 < 0.075)
      25      301.045      0.074      1         94     2058
      26      297.985      0.077      1         94     2053
      27      299.456      0.082      1         91     2048
      28      297.973      0.076      1         93     2048
      29      290.509      0.075      1         96     2059
      30      305.578      0.076      1         91     2071
      31      297.688      0.085      1         90     2066
      32      297.855      0.083      1         90     2049
      33      300.931      0.076      1         92     2069
      34      301.973      0.083      1         87     2056
  ✓ Success 1/2 (dist=0.075 < 0.075)
      35      299.552      0.075      1         93     2055
      36      297.684      0.083      1         89     2054
      37      299.518      0.079      1         90     2048
      38      297.116      0.083      1         90     2051
      39      301.427      0.083      1         89     2048
      40      300.798      0.080      1         91     2055
      41      303.388      0.079      1         91     2048
      42      293.652      0.079      1         92     2066
      43      300.160      0.080      1         92     2066
      44      296.646      0.077      1         93     2072
      45      305.961      0.081      1         89     2065
  ✓ Success 1/2 (dist=0.074 < 0.075)
      46      302.669      0.074      1         95     2068
  ✓ Success 2/2 (dist=0.075 < 0.075)

==================================================
ADVANCING TO STAGE 2: Small Move
  → Move 15cm to target
  → Target distance: 15cm
==================================================

      47      300.780      0.075      1         93     2054
  ✓ Success 1/2 (dist=0.169 < 0.18)
      48      334.991      0.169      2         89     2048
  ✓ Success 2/2 (dist=0.175 < 0.18)

==================================================
ADVANCING TO STAGE 3: Full Formation
  → Reach full formation targets
  → Target distance: 30cm
==================================================

      49      334.206      0.175      2         88     2060
      50      -17.226      0.314      3         91     2064
      51       -9.810      0.312      3         90     2056
      52      -12.072      0.308      3         94     2051
      53      -13.887      0.311      3         90     2049
      54      -12.457      0.310      3         92     2062
      55       -9.596      0.310      3         92     2056
      56      -10.303      0.308      3         94     2089
      57      -16.557      0.314      3         92     2053
      58      -15.056      0.315      3         88     2050
      59      -11.041      0.313      3         92     2066
      60      -12.462      0.305      3         94     2053
      61      -18.931      0.311      3         92     2058
      62       -5.159      0.307      3         89     2055
      63      -13.300      0.310      3         93     2052
      64      -13.349      0.314      3         91     2058
      65       -9.349      0.310      3         90     2048
      66      -14.268      0.307      3         93     2070
      67      -17.453      0.309      3         91     2054
      68      -13.327      0.309      3         92     2053
      69      -11.185      0.308      3         92     2053
      70      -13.166      0.307      3         93     2064
      71      -13.407      0.311      3         93     2061
      72       -4.418      0.306      3         94     2052
      73       -6.938      0.314      3         91     2067
      74      -14.948      0.311      3         95     2063
      75       -8.343      0.310      3         89     2053
      76      -16.233      0.316      3         90     2065
      77      -16.644      0.313      3         88     2057
      78      -11.358      0.308      3         92     2066
      79      -17.312      0.317      3         89     2055
      80      -11.083      0.313      3         87     2062
      81      -11.854      0.308      3         94     2065
      82      -10.547      0.306      3         92     2069
      83      -11.576      0.310      3         91     2048
      84       -7.860      0.307      3         91     2049
      85      -11.414      0.310      3         90     2055
      86       -7.819      0.310      3         90     2065
      87      -11.146      0.306      3         96     2067
      88      -11.467      0.314      3         90     2064
      89       -8.468      0.307      3         92     2058
      90       -8.118      0.309      3         90     2064
      91      -11.012      0.308      3         93     2070
      92       -7.233      0.307      3         93     2075
      93       -7.149      0.311      3         89     2052
      94      -13.314      0.309      3         91     2053
      95       -9.996      0.312      3         88     2049
      96      -12.168      0.312      3         89     2053
      97      -15.883      0.309      3         91     2052
      98      -12.289      0.311      3         91     2059
      99      -14.609      0.312      3         92     2052
     100      -17.689      0.312      3         89     2059
     101      -12.254      0.311      3         91     2062
     102      -11.946      0.312      3         90     2070
     103       -9.684      0.313      3         93     2102
     104       -9.574      0.308      3         91     2059
     105      -10.987      0.308      3         94     2048
     106      -15.653      0.316      3         88     2058
     107      -10.186      0.312      3         87     2063
     108       -5.885      0.317      3         87     2072
     109       -9.482      0.306      3         92     2070
     110       -7.514      0.309      3         91     2051
     111      -11.604      0.312      3         90     2057
     112       -9.077      0.306      3         92     2063
     113       -7.541      0.307      3         92     2054
     114       -8.402      0.312      3         90     2068
     115      -12.024      0.315      3         92     2069
     116      -13.386      0.311      3         90     2059
     117       -8.091      0.310      3         93     2068
     118      -11.265      0.306      3         91     2066
     119       -3.755      0.310      3         88     2060
     120      -11.292      0.314      3         89     2051
     121      -16.136      0.309      3         91     2056
     122      -15.915      0.311      3         89     2063
     123       -8.080      0.309      3         91     2062
     124       -6.004      0.310      3         85     2063
     125      -18.596      0.315      3         89     2061
     126       -4.759      0.311      3         91     2056
     127      -11.202      0.311      3         92     2065
     128       -8.423      0.309      3         93     2064
     129      -10.858      0.311      3         89     2063
     130       -7.180      0.313      3         88     2052
     131       -9.945      0.309      3         93     2057
     132       -5.371      0.308      3         88     2051
     133      -11.030      0.306      3         93     2065
     134      -14.021      0.311      3         87     2051
     135       -9.631      0.308      3         92     2050
     136       -6.984      0.314      3         88     2068
     137       -5.535      0.315      3         89     2064
     138      -10.517      0.311      3         94     2101
     139      -11.855      0.326      3         80     2065
     140       -0.049      0.308      3         89     2053
     141       -9.196      0.317      3         87     2048
     142       -5.958      0.308      3         87     2065
     143       -3.835      0.310      3         90     2076
     144      -10.206      0.306      3         93     2053
     145       -9.588      0.318      3         87     2062
     146      -10.415      0.309      3         89     2049
     147      -13.060      0.308      3         90     2073
     148       -5.594      0.310      3         88     2052
     149      -13.185      0.319      3         85     2053
     150       -6.380      0.305      3         92     2069
     151       -5.560      0.316      3         85     2060
     152       -3.684      0.309      3         92     2064
     153       -5.904      0.315      3         89     2068
     154       -5.219      0.308      3         92     2063
     155       -5.372      0.306      3         92     2056
     156       -7.562      0.308      3         88     2051
     157       -5.699      0.305      3         91     2058
     158      -12.542      0.307      3         93     2052
     159       -8.997      0.306      3         92     2060
     160      -11.087      0.309      3         90     2051
     161       -6.147      0.311      3         89     2064
     162       -4.982      0.304      3         96     2073
     163       -3.051      0.311      3         87     2052
